rep	seqlen	mu	kappa	sd	bias	gc	entropy	dnds	kspec	omega	w_err	mlk	
1	500000	1e-06	2.26720958902	0.977062265576	0.841992265594	0.4412545034	3.54154869511	0.90731408508	free	0.906953	0.000397971425987	2.25481
1	500000	1e-06	2.26720958902	0.977062265576	0.841992265594	0.4412545034	3.54154869511	0.90731408508	true	0.908154	-0.000925715729044	2.26720958902
10	500000	1e-06	5.19671965894	1.64669739957	0.56532959077	0.510505170075	3.20364288296	0.552703329793	free	0.539009	0.0247769988975	4.79827
10	500000	1e-06	5.19671965894	1.64669739957	0.56532959077	0.510505170075	3.20364288296	0.552703329793	true	0.546916	0.0104709515593	5.19671965894
100	500000	1e-06	5.21668205618	3.83529391665	1.39815043793	0.646660164921	0.542694080194	0.0565610897732	free	0.0612624	-0.0831191592259	7.21835
100	500000	1e-06	5.21668205618	3.83529391665	1.39815043793	0.646660164921	0.542694080194	0.0565610897732	true	0.0550492	0.0267302093934	5.21668205618
11	500000	1e-06	2.58947093769	0.0223523518801	1.01126484976	0.45912073774	3.6647247578	1.12995441921	free	1.12681	0.00278278412042	2.42846
11	500000	1e-06	2.58947093769	0.0223523518801	1.01126484976	0.45912073774	3.6647247578	1.12995441921	true	1.14395	-0.0123859693342	2.58947093769
12	500000	1e-06	4.97324276128	3.54551881155	1.73714464571	0.249100922682	1.74775309308	0.39374738533	free	0.272024	0.309140809222	1.57913
12	500000	1e-06	4.97324276128	3.54551881155	1.73714464571	0.249100922682	1.74775309308	0.39374738533	true	0.360923	0.0833640718719	4.97324276128
13	500000	1e-06	3.59039694191	0.64030461479	0.650003756639	0.471319776602	3.72804088031	0.923866958607	free	0.920638	0.00349504717871	3.33208
13	500000	1e-06	3.59039694191	0.64030461479	0.650003756639	0.471319776602	3.72804088031	0.923866958607	true	0.931409	-0.00816355788304	3.59039694191
14	500000	1e-06	4.79687444279	1.65806699733	1.79345494818	0.429331006511	2.65899946841	1.5164923731	free	1.49907	0.0114885992225	4.24663
14	500000	1e-06	4.79687444279	1.65806699733	1.79345494818	0.429331006511	2.65899946841	1.5164923731	true	1.53993	-0.0154551564632	4.79687444279
15	500000	1e-06	3.21130943616	2.80960203019	1.10112472478	0.832275878023	1.66540450533	0.176623246205	free	0.17486	0.0099830925031	2.61103
15	500000	1e-06	3.21130943616	2.80960203019	1.10112472478	0.832275878023	1.66540450533	0.176623246205	true	0.176464	0.00090161520912	3.21130943616
16	500000	1e-06	5.40753660389	3.3406223851	1.08081941926	0.261992641192	2.13225119392	0.437968165297	free	0.470255	-0.0737195925673	7.78683
16	500000	1e-06	5.40753660389	3.3406223851	1.08081941926	0.261992641192	2.13225119392	0.437968165297	true	0.434213	0.0085740599304	5.40753660389
17	500000	1e-06	4.38357827327	0.213784035599	0.686472123873	0.479085199952	3.87934742055	1.06297368831	free	1.0638	-0.000777358558274	4.24609
17	500000	1e-06	4.38357827327	0.213784035599	0.686472123873	0.479085199952	3.87934742055	1.06297368831	true	1.06973	-0.00635604791365	4.38357827327
18	500000	1e-06	4.33466675412	2.86374691787	0.377369685259	0.309308246571	2.66648396537	0.257268394689	free	0.244615	0.0491836344843	3.80738
18	500000	1e-06	4.33466675412	2.86374691787	0.377369685259	0.309308246571	2.66648396537	0.257268394689	true	0.252836	0.0172286793879	4.33466675412
19	500000	1e-06	4.92614574702	2.69730486287	1.32597384402	0.393579310637	1.69357832771	0.41715704677	free	0.486918	-0.167229473336	10.5953
19	500000	1e-06	4.92614574702	2.69730486287	1.32597384402	0.393579310637	1.69357832771	0.41715704677	true	0.420614	-0.00828693475686	4.92614574702
2	500000	1e-06	5.56475532921	1.24321612804	1.53400825929	0.462393279787	2.76870231978	0.975551338353	free	0.953281	0.0228284637386	4.40193
2	500000	1e-06	5.56475532921	1.24321612804	1.53400825929	0.462393279787	2.76870231978	0.975551338353	true	0.985236	-0.00992737262156	5.56475532921
20	500000	1e-06	1.56033356158	3.09795903177	0.273435011729	0.602490611474	2.74202955826	0.257422496291	free	0.248362	0.0351969871399	1.23926
20	500000	1e-06	1.56033356158	3.09795903177	0.273435011729	0.602490611474	2.74202955826	0.257422496291	true	0.256868	0.00215403198817	1.56033356158
21	500000	1e-06	2.11515150137	0.353259267191	0.0927405090751	0.514989647721	4.05665747625	0.958691903172	free	0.956907	0.0018618110431	2.13858
21	500000	1e-06	2.11515150137	0.353259267191	0.0927405090751	0.514989647721	4.05665747625	0.958691903172	true	0.955078	0.00376961895714	2.11515150137
22	500000	1e-06	2.53934874967	2.68626570605	1.93357578781	0.355775530295	2.11523692581	1.53562994584	free	1.73452	-0.129516915646	3.94119
22	500000	1e-06	2.53934874967	2.68626570605	1.93357578781	0.355775530295	2.11523692581	1.53562994584	true	1.5351	0.000345099964918	2.53934874967
23	500000	1e-06	2.55916557175	0.853618214789	0.466476159432	0.572042962124	3.65373127437	0.769412256308	free	0.756921	0.0162348028711	2.32303
23	500000	1e-06	2.55916557175	0.853618214789	0.466476159432	0.572042962124	3.65373127437	0.769412256308	true	0.76601	0.00442188992944	2.55916557175
24	500000	1e-06	4.57791142575	1.50693394115	0.437243282551	0.387048742353	3.32488296037	0.55993621051	free	0.531116	0.0514705246228	3.54525
24	500000	1e-06	4.57791142575	1.50693394115	0.437243282551	0.387048742353	3.32488296037	0.55993621051	true	0.55275	0.0128339806845	4.57791142575
25	500000	1e-06	4.84713127719	0.355352321914	0.372814192182	0.485321362454	4.01077195626	0.990896337814	free	1.00454	-0.0137690106074	4.87414
25	500000	1e-06	4.84713127719	0.355352321914	0.372814192182	0.485321362454	4.01077195626	0.990896337814	true	1.00373	-0.0129515688942	4.84713127719
26	500000	1e-06	1.04701674293	2.15851142637	0.914034200339	0.482209354602	2.68279584908	0.443595148516	free	0.466501	-0.0516368394927	1.1817
26	500000	1e-06	1.04701674293	2.15851142637	0.914034200339	0.482209354602	2.68279584908	0.443595148516	true	0.445226	-0.003676441208	1.04701674293
27	500000	1e-06	2.12534107099	3.77558849038	0.22044891296	0.3413784645	2.26251130029	0.0563544166149	free	0.0540369	0.0411239571641	2.08614
27	500000	1e-06	2.12534107099	3.77558849038	0.22044891296	0.3413784645	2.26251130029	0.0563544166149	true	0.0541286	0.0394967555088	2.12534107099
28	500000	1e-06	5.52349500492	0.392174211996	0.789082046867	0.491994359054	3.74035524611	1.05960359826	free	1.05427	0.00503357885283	5.29163
28	500000	1e-06	5.52349500492	0.392174211996	0.789082046867	0.491994359054	3.74035524611	1.05960359826	true	1.06152	-0.00180860251752	5.52349500492
29	500000	1e-06	1.84851817638	3.45657282967	1.3379768666	0.523547702504	1.17943341932	0.124375829257	free	0.122552	0.0146638560526	2.52419
29	500000	1e-06	1.84851817638	3.45657282967	1.3379768666	0.523547702504	1.17943341932	0.124375829257	true	0.122336	0.0164005278906	1.84851817638
3	500000	1e-06	5.72353804923	2.49904025003	0.884534330018	0.288876776188	0.638244403215	0.0557503034155	free	0.0529844	0.0496123473066	5.91857
3	500000	1e-06	5.72353804923	2.49904025003	0.884534330018	0.288876776188	0.638244403215	0.0557503034155	true	0.0524542	0.059122609449	5.72353804923
30	500000	1e-06	3.90337514124	3.92988084126	0.496783695935	0.507534522283	0.934732938073	0.0245549473338	free	0.0256877	-0.0461313417119	5.16521
30	500000	1e-06	3.90337514124	3.92988084126	0.496783695935	0.507534522283	0.934732938073	0.0245549473338	true	0.0223979	0.0878457324506	3.90337514124
31	500000	1e-06	5.16190565502	0.423368348013	1.07304422855	0.383918032159	3.45525051479	1.04702411244	free	1.00704	0.0381883396608	4.79664
31	500000	1e-06	5.16190565502	0.423368348013	1.07304422855	0.383918032159	3.45525051479	1.04702411244	true	1.01806	0.0276632716427	5.16190565502
32	500000	1e-06	1.27435221279	2.63042145065	0.296808778101	0.443190461179	2.29749492161	0.272864588444	free	0.275667	-0.0102703380171	1.80532
32	500000	1e-06	1.27435221279	2.63042145065	0.296808778101	0.443190461179	2.29749492161	0.272864588444	true	0.272095	0.00282040424586	1.27435221279
33	500000	1e-06	2.23461610005	1.23383760153	1.5362274819	0.425765436698	2.72826616157	1.04055510487	free	0.928368	0.107814669635	1.60946
33	500000	1e-06	2.23461610005	1.23383760153	1.5362274819	0.425765436698	2.72826616157	1.04055510487	true	1.05768	-0.016457461072	2.23461610005
34	500000	1e-06	1.55228415862	1.76982265053	1.09360824105	0.606803816748	2.59258945762	0.470622303514	free	0.461638	0.0190902629282	1.34672
34	500000	1e-06	1.55228415862	1.76982265053	1.09360824105	0.606803816748	2.59258945762	0.470622303514	true	0.468208	0.0051300235793	1.55228415862
35	500000	1e-06	5.46706143987	3.26673550903	1.68757580426	0.435323879363	1.64526776144	0.41591150495	free	0.412959	0.00709887780188	8.65717
35	500000	1e-06	5.46706143987	3.26673550903	1.68757580426	0.435323879363	1.64526776144	0.41591150495	true	0.39991	0.0384733405054	5.46706143987
36	500000	1e-06	2.87892713002	2.15529203433	0.809150811863	0.326235661801	2.64568088524	0.42451828078	free	0.412312	0.0287532512324	2.70984
36	500000	1e-06	2.87892713002	2.15529203433	0.809150811863	0.326235661801	2.64568088524	0.42451828078	true	0.418441	0.0143157104303	2.87892713002
37	500000	1e-06	1.95993629497	1.06183839161	0.684050439579	0.550531596376	3.03140790468	0.523291717259	free	0.523363	-0.000136219891126	1.92211
37	500000	1e-06	1.95993629497	1.06183839161	0.684050439579	0.550531596376	3.03140790468	0.523291717259	true	0.524846	-0.00297020321455	1.95993629497
38	500000	1e-06	2.1802245525	0.189695909901	1.4220904204	0.475117300016	3.38918403986	1.36398519512	free	1.30925	0.040128877732	1.91803
38	500000	1e-06	2.1802245525	0.189695909901	1.4220904204	0.475117300016	3.38918403986	1.36398519512	true	1.3509	0.0095933556831	2.1802245525
39	500000	1e-06	2.70550584236	1.56918172588	1.57737538633	0.467480129442	2.25087597468	0.819716941684	free	0.777414	0.0516067675714	1.94595
39	500000	1e-06	2.70550584236	1.56918172588	1.57737538633	0.467480129442	2.25087597468	0.819716941684	true	0.819096	0.000757507442144	2.70550584236
4	500000	1e-06	3.81205688325	3.2722509375	0.792560724941	0.302418881007	1.42681958653	0.143177381827	free	0.110406	0.228886583963	2.17164
4	500000	1e-06	3.81205688325	3.2722509375	0.792560724941	0.302418881007	1.42681958653	0.143177381827	true	0.141606	0.0109750702742	3.81205688325
40	500000	1e-06	1.05322835558	2.10980982754	0.402777281216	0.38761762372	3.0332803619	0.498759312277	free	0.520583	-0.0437559503876	1.20788
40	500000	1e-06	1.05322835558	2.10980982754	0.402777281216	0.38761762372	3.0332803619	0.498759312277	true	0.497039	0.00344918327197	1.05322835558
41	500000	1e-06	3.21880604958	1.00817682671	1.02890253065	0.479366188073	3.30140146471	1.03747081566	free	1.03051	0.00670940864216	3.37836
41	500000	1e-06	3.21880604958	1.00817682671	1.02890253065	0.479366188073	3.30140146471	1.03747081566	true	1.01782	0.018941078014	3.21880604958
42	500000	1e-06	1.66469062947	2.98087812866	1.12806815673	0.374434036805	1.76454832503	0.244426447951	free	0.253911	-0.0388032969764	2.10771
42	500000	1e-06	1.66469062947	2.98087812866	1.12806815673	0.374434036805	1.76454832503	0.244426447951	true	0.237155	0.0297490227109	1.66469062947
43	500000	1e-06	2.2958053473	0.310685540609	1.25101036145	0.493146167053	3.40979803428	1.30641697069	free	1.36128	-0.0419950372218	2.47631
43	500000	1e-06	2.2958053473	0.310685540609	1.25101036145	0.493146167053	3.40979803428	1.30641697069	true	1.33232	-0.0198275358423	2.2958053473
44	500000	1e-06	4.56256085589	2.75933487084	0.0750858801533	0.516375541055	2.29855722659	0.27483904256	free	0.281423	-0.0239556846758	5.6152
44	500000	1e-06	4.56256085589	2.75933487084	0.0750858801533	0.516375541055	2.29855722659	0.27483904256	true	0.265533	0.0338599729979	4.56256085589
45	500000	1e-06	5.03926057241	2.72803308071	1.71330641106	0.467485598549	2.02724957585	0.695980770508	free	0.780688	-0.121709152152	8.61846
45	500000	1e-06	5.03926057241	2.72803308071	1.71330641106	0.467485598549	2.02724957585	0.695980770508	true	0.706473	-0.0150754588877	5.03926057241
46	500000	1e-06	4.53993475636	2.5575907908	1.30671253462	0.544720359035	2.22950977905	0.404458090198	free	0.381509	0.0567403415935	3.88627
46	500000	1e-06	4.53993475636	2.5575907908	1.30671253462	0.544720359035	2.22950977905	0.404458090198	true	0.396845	0.018822939589	4.53993475636
47	500000	1e-06	5.38366480951	3.40634233894	0.566269674629	0.596717651518	2.42716241832	0.247453737286	free	0.232512	0.0603819422981	4.35517
47	500000	1e-06	5.38366480951	3.40634233894	0.566269674629	0.596717651518	2.42716241832	0.247453737286	true	0.240865	0.0266261377118	5.38366480951
48	500000	1e-06	3.03012826513	3.31634419489	0.240802061091	0.211234769544	1.8161532829	0.223486159896	free	0.182659	0.182683168905	1.90464
48	500000	1e-06	3.03012826513	3.31634419489	0.240802061091	0.211234769544	1.8161532829	0.223486159896	true	0.222948	0.00240802337192	3.03012826513
49	500000	1e-06	2.50729632061	3.29288353303	0.919446471358	0.599869668884	1.84916611219	0.0783549200173	free	0.07795	0.0051677676039	2.14824
49	500000	1e-06	2.50729632061	3.29288353303	0.919446471358	0.599869668884	1.84916611219	0.0783549200173	true	0.0780727	0.00360181616176	2.50729632061
5	500000	1e-06	1.39505716263	2.3732041665	0.540916826069	0.519726457893	2.07094061205	0.169856518374	free	0.146724	0.136188581958	1.06216
5	500000	1e-06	1.39505716263	2.3732041665	0.540916826069	0.519726457893	2.07094061205	0.169856518374	true	0.167769	0.012289892632	1.39505716263
50	500000	1e-06	1.65211697022	2.97031833085	1.94027373233	0.418928817174	1.21016476452	0.275140079716	free	0.225043	0.182078451703	0.976593
50	500000	1e-06	1.65211697022	2.97031833085	1.94027373233	0.418928817174	1.21016476452	0.275140079716	true	0.277765	-0.0095403050207	1.65211697022
51	500000	1e-06	3.46567129501	2.86972214308	1.61307789413	0.514849253158	2.27664964947	0.607538814797	free	0.547253	0.0992295690883	2.13941
51	500000	1e-06	3.46567129501	2.86972214308	1.61307789413	0.514849253158	2.27664964947	0.607538814797	true	0.623717	-0.0266290561348	3.46567129501
52	500000	1e-06	4.79448044095	3.25367240682	0.645914147405	0.444979162858	2.848204662	0.364502652875	free	0.363422	0.00296473253861	5.60899
52	500000	1e-06	4.79448044095	3.25367240682	0.645914147405	0.444979162858	2.848204662	0.364502652875	true	0.357468	0.0192993187289	4.79448044095
53	500000	1e-06	4.31646523621	0.0928227468693	0.724599214213	0.49420134463	3.85561706783	1.10646537264	free	1.06944	0.0334627486403	4.0888
53	500000	1e-06	4.31646523621	0.0928227468693	0.724599214213	0.49420134463	3.85561706783	1.10646537264	true	1.0799	0.0240092218887	4.31646523621
54	500000	1e-06	3.01552428341	0.706936048374	0.541362993374	0.461772240328	3.59056703269	0.841066685939	free	0.841574	-0.000603179354322	2.9372
54	500000	1e-06	3.01552428341	0.706936048374	0.541362993374	0.461772240328	3.59056703269	0.841066685939	true	0.848325	-0.008629891282	3.01552428341
55	500000	1e-06	4.28125337288	0.291077979758	0.827418642134	0.487614865564	3.73523384563	1.06422495146	free	1.07628	-0.0113275379615	4.43903
55	500000	1e-06	4.28125337288	0.291077979758	0.827418642134	0.487614865564	3.73523384563	1.06422495146	true	1.06923	-0.00470299867558	4.28125337288
56	500000	1e-06	3.62462336132	2.22534602688	1.9416884936	0.449393489261	1.67396105665	0.857469736506	free	0.879298	-0.0254565992994	3.86986
56	500000	1e-06	3.62462336132	2.22534602688	1.9416884936	0.449393489261	1.67396105665	0.857469736506	true	0.865957	-0.00989803270283	3.62462336132
57	500000	1e-06	5.05721181766	2.88021044537	0.34968619425	0.334584546655	1.63320787646	0.0886026000699	free	0.0978233	-0.104068051308	7.13535
57	500000	1e-06	5.05721181766	2.88021044537	0.34968619425	0.334584546655	1.63320787646	0.0886026000699	true	0.087746	0.00966788863127	5.05721181766
58	500000	1e-06	5.8368440517	3.63818303804	1.5933474656	0.576228825492	1.76414493565	0.946280382019	free	1.08706	-0.148771569881	10.2462
58	500000	1e-06	5.8368440517	3.63818303804	1.5933474656	0.576228825492	1.76414493565	0.946280382019	true	0.949326	-0.0032185153985	5.8368440517
59	500000	1e-06	4.93265253041	2.34066090401	1.44476069266	0.647035030715	2.26318859434	1.04650920857	free	1.17903	-0.126631271226	9.94912
59	500000	1e-06	4.93265253041	2.34066090401	1.44476069266	0.647035030715	2.26318859434	1.04650920857	true	1.05281	-0.00602077017485	4.93265253041
6	500000	1e-06	3.75553176569	0.265315387373	0.440859881539	0.477189631521	3.96408784612	1.00070226246	free	0.993732	0.00696537094079	3.69064
6	500000	1e-06	3.75553176569	0.265315387373	0.440859881539	0.477189631521	3.96408784612	1.00070226246	true	0.996789	0.00391051625055	3.75553176569
60	500000	1e-06	4.65695154612	3.88937616177	0.729450011776	0.60484764984	0.595375549655	0.0370619489931	free	0.0463542	-0.250722135759	19.0828
60	500000	1e-06	4.65695154612	3.88937616177	0.729450011776	0.60484764984	0.595375549655	0.0370619489931	true	0.0327859	0.115375718472	4.65695154612
61	500000	1e-06	3.01005197476	3.08925648206	1.40338016883	0.423366704858	2.48896825333	0.667196888296	free	0.63692	0.0453792408618	2.53793
61	500000	1e-06	3.01005197476	3.08925648206	1.40338016883	0.423366704858	2.48896825333	0.667196888296	true	0.659856	0.0110025817341	3.01005197476
62	500000	1e-06	3.94258053897	2.24806191385	1.87885210635	0.421663339424	1.43674164039	0.42023598593	free	0.433354	-0.0312158275579	4.1785
62	500000	1e-06	3.94258053897	2.24806191385	1.87885210635	0.421663339424	1.43674164039	0.42023598593	true	0.428662	-0.0200506723663	3.94258053897
63	500000	1e-06	1.75126480073	2.92349732972	1.9987820088	0.431073265063	2.28034745153	0.937812367629	free	0.96621	-0.0302807185649	1.82328
63	500000	1e-06	1.75126480073	2.92349732972	1.9987820088	0.431073265063	2.28034745153	0.937812367629	true	0.956268	-0.019679450824	1.75126480073
64	500000	1e-06	2.98205716511	3.65853256439	0.366721925304	0.636689860035	0.733349599912	0.0500805290099	free	0.0521723	-0.041768148848	5.19608
64	500000	1e-06	2.98205716511	3.65853256439	0.366721925304	0.636689860035	0.733349599912	0.0500805290099	true	0.0460106	0.081267692063	2.98205716511
65	500000	1e-06	4.87021792219	2.36292797914	1.24529815502	0.413188349039	2.10589389345	0.351373594586	free	0.345612	0.016397346514	3.86292
65	500000	1e-06	4.87021792219	2.36292797914	1.24529815502	0.413188349039	2.10589389345	0.351373594586	true	0.34815	0.00917426532893	4.87021792219
66	500000	1e-06	3.83689285464	2.87943234046	1.74917619319	0.402919057668	1.49558332335	0.22277417532	free	0.225859	-0.013847317247	3.82401
66	500000	1e-06	3.83689285464	2.87943234046	1.74917619319	0.402919057668	1.49558332335	0.22277417532	true	0.226048	-0.0146957100185	3.83689285464
67	500000	1e-06	2.70539223283	0.691999305535	0.189633953207	0.496210141443	3.88226788136	0.862365505172	free	0.877539	-0.017595201497	2.71963
67	500000	1e-06	2.70539223283	0.691999305535	0.189633953207	0.496210141443	3.88226788136	0.862365505172	true	0.876617	-0.0165260492704	2.70539223283
68	500000	1e-06	5.73317190908	2.85628762471	1.63801421589	0.619328127161	1.28846541717	0.169563388291	free	0.15969	0.0582283026455	5.04638
68	500000	1e-06	5.73317190908	2.85628762471	1.63801421589	0.619328127161	1.28846541717	0.169563388291	true	0.160139	0.0555803253639	5.73317190908
69	500000	1e-06	4.24795074304	0.7780317922	0.543148624703	0.504954224332	3.80301435996	0.897828892003	free	0.909128	-0.0125849235836	4.33314
69	500000	1e-06	4.24795074304	0.7780317922	0.543148624703	0.504954224332	3.80301435996	0.897828892003	true	0.906644	-0.00981824941869	4.24795074304
7	500000	1e-06	3.26869182727	0.386050454944	1.23678897709	0.404735656096	3.45751196554	1.32374740167	free	1.28365	0.0302908255871	2.92338
7	500000	1e-06	3.26869182727	0.386050454944	1.23678897709	0.404735656096	3.45751196554	1.32374740167	true	1.32087	0.00217367880122	3.26869182727
70	500000	1e-06	5.14908628293	1.16104763056	0.148820272127	0.627843053628	3.70886167522	0.742526742689	free	0.739831	0.00363049912408	4.8873
70	500000	1e-06	5.14908628293	1.16104763056	0.148820272127	0.627843053628	3.70886167522	0.742526742689	true	0.743289	-0.001026572199	5.14908628293
71	500000	1e-06	2.9430220553	2.97554615775	1.68340430092	0.235277315828	1.01718682368	0.0782491226042	free	0.0647095	0.173032260983	1.95227
71	500000	1e-06	2.9430220553	2.97554615775	1.68340430092	0.235277315828	1.01718682368	0.0782491226042	true	0.0788795	-0.00805603149101	2.9430220553
72	500000	1e-06	1.02449876119	3.48645709421	1.14155074589	0.79942557786	1.58215830869	0.128387502835	free	0.12552	0.0223347504358	0.843363
72	500000	1e-06	1.02449876119	3.48645709421	1.14155074589	0.79942557786	1.58215830869	0.128387502835	true	0.127752	0.00494988079729	1.02449876119
73	500000	1e-06	5.00208533787	0.974725282771	1.94156091504	0.457162665854	2.713831367	1.69601572933	free	1.60679	0.0526090223029	3.22752
73	500000	1e-06	5.00208533787	0.974725282771	1.94156091504	0.457162665854	2.713831367	1.69601572933	true	1.74094	-0.0264881214795	5.00208533787
74	500000	1e-06	3.38896321781	0.474160329594	1.55352652178	0.432168343851	3.29230876138	1.63467122265	free	1.68055	-0.0280660580014	4.01121
74	500000	1e-06	3.38896321781	0.474160329594	1.55352652178	0.432168343851	3.29230876138	1.63467122265	true	1.63391	0.000465673244422	3.38896321781
75	500000	1e-06	4.69702970436	3.69264195218	0.0242427685617	0.472970048124	2.92353032726	0.291221188967	free	0.296297	-0.0174294015182	5.15973
75	500000	1e-06	4.69702970436	3.69264195218	0.0242427685617	0.472970048124	2.92353032726	0.291221188967	true	0.295315	-0.0140573941327	4.69702970436
76	500000	1e-06	2.85713061797	2.58608950835	0.968178026064	0.650211831506	2.03113021511	0.189335355704	free	0.183821	0.0291248070594	2.44753
76	500000	1e-06	2.85713061797	2.58608950835	0.968178026064	0.650211831506	2.03113021511	0.189335355704	true	0.186248	0.0163062820091	2.85713061797
77	500000	1e-06	2.03640636475	2.26537659135	1.1805320468	0.418233565407	1.94733471799	0.189749634143	free	0.163165	0.140103743877	1.39617
77	500000	1e-06	2.03640636475	2.26537659135	1.1805320468	0.418233565407	1.94733471799	0.189749634143	true	0.18588	0.0203933681354	2.03640636475
78	500000	1e-06	4.8803286255	2.05281198792	0.585586574262	0.670197361463	2.04221779142	0.229073386568	free	0.232712	-0.0158840513369	6.22176
78	500000	1e-06	4.8803286255	2.05281198792	0.585586574262	0.670197361463	2.04221779142	0.229073386568	true	0.221983	0.0309524675654	4.8803286255
79	500000	1e-06	2.0938746963	0.25216313802	0.0761013715404	0.499872096736	4.06756678358	0.969058795902	free	1.00706	-0.0392145494765	2.06777
79	500000	1e-06	2.0938746963	0.25216313802	0.0761013715404	0.499872096736	4.06756678358	0.969058795902	true	1.00958	-0.0418150108836	2.0938746963
8	500000	1e-06	3.60574705119	2.16182084326	0.721912874846	0.289683669188	2.00507145202	0.253179030452	free	0.261657	-0.0334860653049	4.4607
8	500000	1e-06	3.60574705119	2.16182084326	0.721912874846	0.289683669188	2.00507145202	0.253179030452	true	0.247827	0.0211393117466	3.60574705119
80	500000	1e-06	3.43762769115	2.8322903201	0.136160382936	0.819436323891	1.43247342013	0.00790792918235	free	0.0076041	0.0384208274186	3.42677
80	500000	1e-06	3.43762769115	2.8322903201	0.136160382936	0.819436323891	1.43247342013	0.00790792918235	true	0.00760404	0.03842841474	3.43762769115
81	500000	1e-06	3.60069298269	2.81422298675	1.72780799309	0.651113541307	1.60707191677	0.320149913788	free	0.318907	0.00388228681027	3.31973
81	500000	1e-06	3.60069298269	2.81422298675	1.72780799309	0.651113541307	1.60707191677	0.320149913788	true	0.319147	0.00313263800618	3.60069298269
82	500000	1e-06	4.95452730432	0.21311302866	1.31827672204	0.496722247781	3.42623241126	1.34032779287	free	1.29155	0.0363924355874	4.21752
82	500000	1e-06	4.95452730432	0.21311302866	1.31827672204	0.496722247781	3.42623241126	1.34032779287	true	1.32701	0.00993622078029	4.95452730432
83	500000	1e-06	3.34830361098	2.69613658537	1.73293904757	0.511196663404	2.29562002431	1.02554545289	free	1.08726	-0.0601772909573	3.98679
83	500000	1e-06	3.34830361098	2.69613658537	1.73293904757	0.511196663404	2.29562002431	1.02554545289	true	1.03662	-0.0107986896898	3.34830361098
84	500000	1e-06	5.42434604414	1.28828363852	0.318938301903	0.631716249848	2.92163067326	0.445319589445	free	0.446149	-0.00186250633182	5.88199
84	500000	1e-06	5.42434604414	1.28828363852	0.318938301903	0.631716249848	2.92163067326	0.445319589445	true	0.444245	0.00241307472307	5.42434604414
85	500000	1e-06	3.0394162943	1.06068845835	1.11595799719	0.433269925679	3.34300298855	1.09749481591	free	1.10945	-0.0108931576849	2.96338
85	500000	1e-06	3.0394162943	1.06068845835	1.11595799719	0.433269925679	3.34300298855	1.09749481591	true	1.11496	-0.0159136825386	3.0394162943
86	500000	1e-06	3.48487099356	2.74967692248	0.41531779688	0.711293960809	2.85763379386	0.356167620256	free	0.355095	0.00301156027357	3.34086
86	500000	1e-06	3.48487099356	2.74967692248	0.41531779688	0.711293960809	2.85763379386	0.356167620256	true	0.355481	0.00192780089161	3.48487099356
87	500000	1e-06	3.22846495832	0.125451331084	0.567757309352	0.482083516837	3.94612420563	1.03182932449	free	1.04201	-0.00986662742693	3.19719
87	500000	1e-06	3.22846495832	0.125451331084	0.567757309352	0.482083516837	3.94612420563	1.03182932449	true	1.04401	-0.0118049324862	3.22846495832
88	500000	1e-06	1.07679354834	0.846177761226	1.48665189112	0.559261537429	3.14540933	1.23636193298	free	1.25077	-0.0116535996786	1.0234
88	500000	1e-06	1.07679354834	0.846177761226	1.48665189112	0.559261537429	3.14540933	1.23636193298	true	1.26555	-0.0236080279134	1.07679354834
89	500000	1e-06	1.29644195774	2.55344606535	0.36827244245	0.602095901458	2.67850073098	0.421350033554	free	0.419917	0.00340105242572	1.53752
89	500000	1e-06	1.29644195774	2.55344606535	0.36827244245	0.602095901458	2.67850073098	0.421350033554	true	0.416555	0.0113801665405	1.29644195774
9	500000	1e-06	5.73245676042	0.330620408382	1.79547730704	0.538077288644	3.14668484516	1.81270188109	free	1.76368	0.027043542903	4.20134
9	500000	1e-06	5.73245676042	0.330620408382	1.79547730704	0.538077288644	3.14668484516	1.81270188109	true	1.85179	-0.0215634569127	5.73245676042
90	500000	1e-06	5.3853415673	1.01039391996	1.90625243314	0.42682195028	2.80393173044	1.53004360605	free	1.52833	0.00111997203489	4.47586
90	500000	1e-06	5.3853415673	1.01039391996	1.90625243314	0.42682195028	2.80393173044	1.53004360605	true	1.5886	-0.0382710621563	5.3853415673
91	500000	1e-06	1.47609522103	2.32268185142	0.190841457847	0.291414200994	2.16884745295	0.126167706445	free	0.123455	0.0215007985937	1.31113
91	500000	1e-06	1.47609522103	2.32268185142	0.190841457847	0.291414200994	2.16884745295	0.126167706445	true	0.124462	0.0135193584267	1.47609522103
92	500000	1e-06	3.65637301761	3.61424026438	0.501085911756	0.403208252028	1.74620560171	0.240521062462	free	0.238579	0.00807439665354	5.14817
92	500000	1e-06	3.65637301761	3.61424026438	0.501085911756	0.403208252028	1.74620560171	0.240521062462	true	0.23533	0.0215825691468	3.65637301761
93	500000	1e-06	2.0345691675	0.687298495184	0.953173831437	0.431239662261	3.57016236976	1.06188539961	free	1.04352	0.0172950862878	2.04258
93	500000	1e-06	2.0345691675	0.687298495184	0.953173831437	0.431239662261	3.57016236976	1.06188539961	true	1.0426	0.0181614697981	2.0345691675
94	500000	1e-06	1.41691760015	0.322221682189	0.358289477751	0.473876648707	4.02423736027	0.98442762659	free	0.96799	0.0166976486093	1.40612
94	500000	1e-06	1.41691760015	0.322221682189	0.358289477751	0.473876648707	4.02423736027	0.98442762659	true	0.969436	0.0152287747572	1.41691760015
95	500000	1e-06	4.50734967592	0.862068968539	1.38884277578	0.637462983399	3.087019152	1.19368105173	free	1.18109	0.0105480871197	4.26278
95	500000	1e-06	4.50734967592	0.862068968539	1.38884277578	0.637462983399	3.087019152	1.19368105173	true	1.19082	0.00239683098141	4.50734967592
96	500000	1e-06	4.79618719316	1.0737653925	0.306587905363	0.352809311069	3.51112184437	0.760076226173	free	0.743682	0.0215691868904	4.53728
96	500000	1e-06	4.79618719316	1.0737653925	0.306587905363	0.352809311069	3.51112184437	0.760076226173	true	0.752712	0.00968879951732	4.79618719316
97	500000	1e-06	4.07321776348	2.38369661468	1.33942723761	0.376885559469	1.37362807392	0.0799130655892	free	0.0779748	0.0242546769401	3.40776
97	500000	1e-06	4.07321776348	2.38369661468	1.33942723761	0.376885559469	1.37362807392	0.0799130655892	true	0.0790244	0.0111204041868	4.07321776348
98	500000	1e-06	5.75174005812	0.802292532894	0.495057628701	0.462420024365	3.80939641513	0.895403430296	free	0.884462	0.0122195536962	5.50861
98	500000	1e-06	5.75174005812	0.802292532894	0.495057628701	0.462420024365	3.80939641513	0.895403430296	true	0.890728	0.00522159078026	5.75174005812
99	500000	1e-06	3.23122278697	3.53536117297	1.18708955758	0.888994808763	1.18380965538	0.00616623819072	free	0.00548205	0.110957145923	3.51337
99	500000	1e-06	3.23122278697	3.53536117297	1.18708955758	0.888994808763	1.18380965538	0.00616623819072	true	0.00552908	0.103330129492	3.23122278697
