1.727412240600047222e-02
1.652890440558206497e-02
1.781104654441882651e-02
1.604817770779011846e-02
1.654403020144195116e-02
1.682477756235429070e-02
1.685548742805542330e-02
1.650384582492968322e-02
2.006790915431282823e-02
1.810138152885568466e-02
2.067544452633525431e-02
1.755867878898903153e-02
1.648712246365474990e-02
1.664628900394802061e-02
1.737298486514027296e-02
1.625674274005165995e-02
1.552339959973227622e-02
1.310099687345301148e-02
1.597355149442141256e-02
1.274110864806170251e-02
1.063870255015138093e-02
1.084369727083632669e-02
1.084156390612262509e-02
1.063974578160027142e-02
1.970650934177449118e-02
2.025213593516811059e-02
2.012874089278827994e-02
1.985491026061511621e-02
1.721540448297569081e-02
1.751458549240238541e-02
1.757832924533141855e-02
1.718654404946095074e-02
1.568504427264898193e-02
1.365277807927026653e-02
1.615273968021327389e-02
1.326104061124622722e-02
1.971885189767932228e-02
2.007160769786738713e-02
2.008756217719641357e-02
1.969748669512246669e-02
1.858834251538827795e-02
1.889524608184488946e-02
1.889490539763963306e-02
1.851304755137822555e-02
1.569291889910336135e-02
1.599275706709758077e-02
1.597805635077697087e-02
1.568624658766263821e-02
1.258175207904114502e-02
1.212538963495066353e-02
1.786232545590757392e-02
1.815680153693404950e-02
1.820254132597872235e-02
1.780661494751336477e-02
1.394150634481584709e-02
1.086848117719957200e-02
1.346992643572634402e-02
1.667762969942283152e-02
1.383778888555491776e-02
1.715309179989544033e-02
1.345064813816775930e-02
