1.597445551013577936e-02
1.626162736476337994e-02
1.625841259953560158e-02
1.595040418601719606e-02
1.626162736476334525e-02
1.655543722656289615e-02
1.655993185717642355e-02
1.624999683706859419e-02
1.625841259953558077e-02
1.655993185717640967e-02
1.652582392829336777e-02
1.624275419619962760e-02
1.595040418601716484e-02
1.624999683706859419e-02
1.624275419619961719e-02
1.594980558641220791e-02
1.598106374535634283e-02
1.651607693935138593e-02
1.627699607656531849e-02
1.616664742143320704e-02
1.651607693935139287e-02
1.684165290640663587e-02
1.682375333197792810e-02
1.652504361934146668e-02
1.627699607656529768e-02
1.682375333197793851e-02
1.661489698507814458e-02
1.647660494480197857e-02
1.616664742143319664e-02
1.652504361934145280e-02
1.647660494480198204e-02
1.621434313205035241e-02
1.642555783502641295e-02
1.659240958571318175e-02
1.670291409152372536e-02
1.626904207218659790e-02
1.659240958571317134e-02
1.687214228707139066e-02
1.689405906071934568e-02
1.655999758096773911e-02
1.670291409152373577e-02
1.689405906071933527e-02
1.688426533727947071e-02
1.656220791579193427e-02
1.626904207218659790e-02
1.655999758096774951e-02
1.656220791579190998e-02
1.625294121017454088e-02
1.633804267410906425e-02
1.584553025740706445e-02
1.633804267410905731e-02
1.656368072443789585e-02
1.664233131891295833e-02
1.624193563760118267e-02
1.664233131891295833e-02
1.612730903858271281e-02
1.618818077983176854e-02
1.584553025740706791e-02
1.624193563760117573e-02
1.618818077983176160e-02
1.592682384913858551e-02
