4.329048086699081865e-02
1.884723139442133835e-02
1.935458563318159103e-02
4.209503317174391468e-02
2.116060180037573901e-02
1.014011508592645161e-02
1.010191219729374666e-02
2.146784536657569964e-02
2.738220288311203274e-02
1.066830581963335717e-02
1.225024878197247639e-02
2.391012486612905524e-02
3.771416512315751979e-02
1.839033155294403019e-02
2.068494518598857496e-02
3.944231553056235656e-02
2.178459182045951528e-02
7.747715379136763288e-03
9.774271993262943423e-03
1.704640580661933441e-02
7.262636565575895410e-03
3.451031978301100523e-03
3.458138181329683397e-03
7.260196117442918248e-03
1.497940763610557460e-02
6.909246713130447019e-03
6.976409639529426200e-03
1.446600986070247473e-02
2.004270888269280709e-02
9.628666119651602129e-03
9.458715856982168740e-03
2.029518672939109938e-02
1.943044515353195209e-02
7.501387132851154542e-03
8.731519829145406933e-03
1.677309555182950052e-02
1.300080822276135015e-02
6.227430195233790017e-03
6.220587563014383890e-03
1.311461955446126086e-02
1.255944068238265370e-02
6.035005773875634118e-03
6.072812053630730414e-03
1.279065234463497118e-02
1.926479627916445267e-02
9.147546784067202980e-03
9.182702756915931894e-03
1.925180951307927518e-02
1.335333533835782009e-02
3.121769020370857017e-02
2.223070973977049267e-02
1.073910952054772487e-02
1.068322356988839032e-02
2.282617056349325532e-02
7.652849549252188632e-03
7.183559071533579359e-03
1.740583470069823752e-02
4.505341036002543514e-02
1.517728938425938305e-02
2.023839952806419720e-02
3.349197453949864095e-02
