4.154209761343570506e-02
1.985965998203552407e-02
1.992266687409958992e-02
4.184100264862621044e-02
1.985965998203554836e-02
9.520862076629910478e-03
9.527737294759846404e-03
1.998417868853928636e-02
1.992266687409958298e-02
9.527737294759865486e-03
9.600277335953404795e-03
2.001728082675021878e-02
4.184100264862632146e-02
1.998417868853930024e-02
2.001728082675023612e-02
4.185631817827084600e-02
2.121035557915822850e-02
9.607026978877756043e-03
1.006497603939801588e-02
2.028188635007065199e-02
9.607026978877802881e-03
4.568889733818208045e-03
4.596725809757456691e-03
9.602160680129027959e-03
1.006497603939800548e-02
4.596725809757440211e-03
4.727096149483148158e-03
9.659502422279911057e-03
2.028188635007067975e-02
9.602160680129041836e-03
9.659502422279930139e-03
2.010686495015761091e-02
1.897476767912511381e-02
9.369389363881481039e-03
9.175714286584665466e-03
1.996205484881889355e-02
9.369389363881444610e-03
4.529035997338965586e-03
4.518344860185386121e-03
9.544279062496224472e-03
9.175714286584705365e-03
4.518344860185349691e-03
4.575996432098352468e-03
9.560404356742329898e-03
1.996205484881893866e-02
9.544279062496221003e-03
9.560404356742345511e-03
2.002223545024015006e-02
1.899707052779823352e-02
4.283388303728315888e-02
1.899707052779823352e-02
9.372041022028909305e-03
9.257614832256122472e-03
2.000289317884483900e-02
9.257614832256143289e-03
1.050715116140665296e-02
2.021738002728725586e-02
4.283388303728317970e-02
2.000289317884483553e-02
2.021738002728727321e-02
4.207834468585042176e-02
